1750000000000
6624992500050
10749985000100
14874977500150
18999970000200
23124962500250
27249955000300
32124947500350
36249940000400
40374932500450
44499925000500
49374917500550
53499910000600
57624902500650
61749895000700
65874887500750
69999880000800
74874872500850
78999865000900
83124857500950
87249850001000
92124842501050
96249835001100
100374827501150
104499820001200
108624812501250
112749805001300
117624797501350
121749790001400
125874782501450
129999775001500
134874767501550
138999760001600
143124752501650
147249745001700
151374737501750
155499730001800
160374722501850
164499715001900
168624707501950
172749700002000
177624692502050
181749685002100
185874677502150
189999670002200
194124662502250
198249655002300
203124647502350
207249640002400
211374632502450
215499625002500
220374617502550
224499610002600
228624602502650
232749595002700
236874587502750
240999580002800
245874572502850
249999565002900
254124557502950
258249550003000
263124542503050
267249535003100
271374527503150
275499520003200
279624512503250
283749505003300
288624497503350
292749490003400
296874482503450
300999475003500
305874467503550
309999460003600
314124452503650
318249445003700
322374437503750
326499430003800
331374422503850
335499415003900
339624407503950
343749400004000
348624392504050
352749385004100
356874377504150
360999370004200
365124362504250
369249355004300
374124347504350
378249340004400
382374332504450
386499325004500
391374317504550
395499310004600
399624302504650
403749295004700
407874287504750
411999280004800
416874272504850
420999265004900
425124257504950
429249250005000
434124242505050
438249235005100
442374227505150
446499220005200
450624212505250
454749205005300
459624197505350
463749190005400
467874182505450
471999175005500
476874167505550
480999160005600
485124152505650
489249145005700
493374137505750
497499130005800
502374122505850
506499115005900
510624107505950
514749100006000
519624092506050
523749085006100
527874077506150
531999070006200
536124062506250
540249055006300
545124047506350
549249040006400
553374032506450
557499025006500
562374017506550
566499010006600
570624002506650
574748995006700
578873987506750
582998980006800
587873972506850
591998965006900
596123957506950
600248950007000
605123942507050
609248935007100
613373927507150
617498920007200
621623912507250
625748905007300
630623897507350
634748890007400
638873882507450
642998875007500
647873867507550
651998860007600
656123852507650
660248845007700
664373837507750
668498830007800
673373822507850
677498815007900
681623807507950
685748800008000
690623792508050
694748785008100
698873777508150
702998770008200
707123762508250
711248755008300
716123747508350
720248740008400
724373732508450
728498725008500
733373717508550
737498710008600
741623702508650
745748695008700
749873687508750
753998680008800
758873672508850
762998665008900
767123657508950
771248650009000
776123642509050
780248635009100
784373627509150
788498620009200
792623612509250
796748605009300
801623597509350
805748590009400
809873582509450
813998575009500
818873567509550
822998560009600
827123552509650
831248545009700
835373537509750
839498530009800
844373522509850
848498515009900
852623507509950
856748500010000
861623492510050
865748485010100
869873477510150
873998470010200
878123462510250
882248455010300
887123447510350
891248440010400
895373432510450
899498425010500
904373417510550
908498410010600
912623402510650
916748395010700
920873387510750
924998380010800
929873372510850
933998365010900
938123357510950
942248350011000
947123342511050
951248335011100
955373327511150
959498320011200
963623312511250
967748305011300
972623297511350
976748290011400
980873282511450
984998275011500
989873267511550
993998260011600
998123252511650
1002248245011700
1006373237511750
1010498230011800
1015373222511850
1019498215011900
1023623207511950
1027748200012000
1032623192512050
1036748185012100
1040873177512150
1044998170012200
1049123162512250
1053248155012300
1058123147512350
1062248140012400
1066373132512450
1070498125012500
1075373117512550
1079498110012600
1083623102512650
1087748095012700
1091873087512750
1095998080012800
1100873072512850
1104998065012900
1109123057512950
1113248050013000
1118123042513050
1122248035013100
1126373027513150
1130498020013200
1134623012513250
1138748005013300
1143622997513350
1147747990013400
1151872982513450
1155997975013500
1160872967513550
1164997960013600
1169122952513650
1173247945013700
1177372937513750
1181497930013800
1186372922513850
1190497915013900
1194622907513950
1198747900014000
1203622892514050
1207747885014100
1211872877514150
1215997870014200
1220122862514250
1224247855014300
1229122847514350
1233247840014400
1237372832514450
1241497825014500
1246372817514550
1250497810014600
1254622802514650
1258747795014700
1262872787514750
1266997780014800
1271872772514850
1275997765014900
1280122757514950
1284247750015000
1289122742515050
1293247735015100
1297372727515150
1301497720015200
1305622712515250
1309747705015300
1314622697515350
1318747690015400
1322872682515450
1326997675015500
1331872667515550
1335997660015600
1340122652515650
1344247645015700
1348372637515750
1352497630015800
1357372622515850
1361497615015900
1365622607515950
1369747600016000
1374622592516050
1378747585016100
1382872577516150
1386997570016200
1391122562516250
1395247555016300
1400122547516350
1404247540016400
1408372532516450
1412497525016500
1417372517516550
1421497510016600
1425622502516650
1429747495016700
1433872487516750
1437997480016800
1442872472516850
1446997465016900
1451122457516950
1455247450017000
1460122442517050
1464247435017100
1468372427517150
1472497420017200
1476622412517250
1480747405017300
1485622397517350
1489747390017400
1493872382517450
1497997375017500
1502872367517550
1506997360017600
1511122352517650
1515247345017700
1519372337517750
1523497330017800
1528372322517850
1532497315017900
1536622307517950
1540747300018000
1545622292518050
1549747285018100
1553872277518150
1557997270018200
1562122262518250
1566247255018300
1571122247518350
1575247240018400
1579372232518450
1583497225018500
1588372217518550
1592497210018600
1596622202518650
1600747195018700
1604872187518750
1608997180018800
1613872172518850
1617997165018900
1622122157518950
1626247150019000
1631122142519050
1635247135019100
1639372127519150
1643497120019200
1647622112519250
1651747105019300
1656622097519350
1660747090019400
1664872082519450
1668997075019500
1673872067519550
1677997060019600
1682122052519650
1686247045019700
1690372037519750
1694497030019800
1699372022519850
1703497015019900
1707622007519950
1711747000020000
1716621992520050
1720746985020100
1724871977520150
1728996970020200
1733121962520250
1737246955020300
1742121947520350
1746246940020400
1750371932520450
1754496925020500
1759371917520550
1763496910020600
1767621902520650
1771746895020700
1775871887520750
1779996880020800
1784871872520850
1788996865020900
1793121857520950
1797246850021000
1802121842521050
1806246835021100
1810371827521150
1814496820021200
1818621812521250
1822746805021300
1827621797521350
1831746790021400
1835871782521450
1839996775021500
1844871767521550
1848996760021600
1853121752521650
1857246745021700
1861371737521750
1865496730021800
1870371722521850
1874496715021900
1878621707521950
1882746700022000
1887621692522050
1891746685022100
1895871677522150
1899996670022200
1904121662522250
1908246655022300
1913121647522350
1917246640022400
1921371632522450
1925496625022500
1930371617522550
1934496610022600
1938621602522650
1942746595022700
1946871587522750
1950996580022800
1955871572522850
1959996565022900
1964121557522950
1968246550023000
1973121542523050
1977246535023100
1981371527523150
1985496520023200
1989621512523250
1993746505023300
1998621497523350
2002746490023400
2006871482523450
2010996475023500
2015871467523550
2019996460023600
2024121452523650
2028246445023700
2032371437523750
2036496430023800
2041371422523850
2045496415023900
2049621407523950
2053746400024000
2058621392524050
2062746385024100
2066871377524150
2070996370024200
2075121362524250
2079246355024300
2084121347524350
2088246340024400
2092371332524450
2096496325024500
2101371317524550
2105496310024600
2109621302524650
2113746295024700
2117871287524750
2121996280024800
2126871272524850
2130996265024900
2135121257524950
2139246250025000
2144121242525050
2148246235025100
2152371227525150
2156496220025200
2160621212525250
2164746205025300
2169621197525350
2173746190025400
2177871182525450
2181996175025500
2186871167525550
2190996160025600
2195121152525650
2199246145025700
2203371137525750
2207496130025800
2212371122525850
2216496115025900
2220621107525950
2224746100026000
2229621092526050
2233746085026100
2237871077526150
2241996070026200
2246121062526250
2250246055026300
2255121047526350
2259246040026400
2263371032526450
2267496025026500
2272371017526550
2276496010026600
2280621002526650
2284745995026700
2288870987526750
2292995980026800
2297870972526850
2301995965026900
2306120957526950
2310245950027000
2315120942527050
2319245935027100
2323370927527150
2327495920027200
2331620912527250
2335745905027300
2340620897527350
2344745890027400
2348870882527450
2352995875027500
2357870867527550
2361995860027600
2366120852527650
2370245845027700
2374370837527750
2378495830027800
2383370822527850
2387495815027900
2391620807527950
2395745800028000
2400620792528050
2404745785028100
2408870777528150
2412995770028200
2417120762528250
2421245755028300
2426120747528350
2430245740028400
2434370732528450
2438495725028500
2443370717528550
2447495710028600
2451620702528650
2455745695028700
2459870687528750
2463995680028800
2468870672528850
2472995665028900
2477120657528950
2481245650029000
2486120642529050
2490245635029100
2494370627529150
2498495620029200
2502620612529250
2506745605029300
2511620597529350
2515745590029400
2519870582529450
2523995575029500
2528870567529550
2532995560029600
2537120552529650
2541245545029700
2545370537529750
2549495530029800
2554370522529850
2558495515029900
2562620507529950
2566745500030000
2571620492530050
2575745485030100
2579870477530150
2583995470030200
2588120462530250
2592245455030300
2597120447530350
2601245440030400
2605370432530450
2609495425030500
2614370417530550
2618495410030600
2622620402530650
2626745395030700
2630870387530750
2634995380030800
2639870372530850
2643995365030900
2648120357530950
2652245350031000
2657120342531050
2661245335031100
2665370327531150
2669495320031200
2673620312531250
2677745305031300
2682620297531350
2686745290031400
2690870282531450
2694995275031500
2699870267531550
2703995260031600
2708120252531650
2712245245031700
2716370237531750
2720495230031800
2725370222531850
2729495215031900
2733620207531950
2737745200032000
2742620192532050
2746745185032100
2750870177532150
2754995170032200
2759120162532250
2763245155032300
2768120147532350
2772245140032400
2776370132532450
2780495125032500
2785370117532550
2789495110032600
2793620102532650
2797745095032700
2801870087532750
2805995080032800
2810870072532850
2814995065032900
2819120057532950
2823245050033000
2828120042533050
2832245035033100
2836370027533150
2840495020033200
2844620012533250
2848745005033300
2853619997533350
2857744990033400
2861869982533450
2865994975033500
2870869967533550
2874994960033600
2879119952533650
2883244945033700
2887369937533750
2891494930033800
2896369922533850
2900494915033900
2904619907533950
2908744900034000
2913619892534050
2917744885034100
2921869877534150
2925994870034200
2930119862534250
2934244855034300
2939119847534350
2943244840034400
2947369832534450
2951494825034500
2956369817534550
2960494810034600
2964619802534650
2968744795034700
2972869787534750
2976994780034800
2981869772534850
2985994765034900
2990119757534950
2994244750035000
2999119742535050
3003244735035100
3007369727535150
3011494720035200
3015619712535250
3019744705035300
3024619697535350
3028744690035400
3032869682535450
3036994675035500
3041869667535550
3045994660035600
3050119652535650
3054244645035700
3058369637535750
3062494630035800
3067369622535850
3071494615035900
3075619607535950
3079744600036000
3084619592536050
3088744585036100
3092869577536150
3096994570036200
3101119562536250
3105244555036300
3110119547536350
3114244540036400
3118369532536450
3122494525036500
3127369517536550
3131494510036600
3135619502536650
3139744495036700
3143869487536750
3147994480036800
3152869472536850
3156994465036900
3161119457536950
3165244450037000
3170119442537050
3174244435037100
3178369427537150
3182494420037200
3186619412537250
3190744405037300
3195619397537350
3199744390037400
3203869382537450
3207994375037500
3212869367537550
3216994360037600
3221119352537650
3225244345037700
3229369337537750
3233494330037800
3238369322537850
3242494315037900
3246619307537950
3250744300038000
3255619292538050
3259744285038100
3263869277538150
3267994270038200
3272119262538250
3276244255038300
3281119247538350
3285244240038400
3289369232538450
3293494225038500
3298369217538550
3302494210038600
3306619202538650
3310744195038700
3314869187538750
3318994180038800
3323869172538850
3327994165038900
3332119157538950
3336244150039000
3341119142539050
3345244135039100
3349369127539150
3353494120039200
3357619112539250
3361744105039300
3366619097539350
3370744090039400
3374869082539450
3378994075039500
3383869067539550
3387994060039600
3392119052539650
3396244045039700
3400369037539750
3404494030039800
3409369022539850
3413494015039900
3417619007539950
3421744000040000
3426618992540050
3430743985040100
3434868977540150
3438993970040200
3443118962540250
3447243955040300
3452118947540350
3456243940040400
3460368932540450
3464493925040500
3469368917540550
3473493910040600
3477618902540650
3481743895040700
3485868887540750
3489993880040800
3494868872540850
3498993865040900
3503118857540950
3507243850041000
3512118842541050
3516243835041100
3520368827541150
3524493820041200
3528618812541250
3532743805041300
3537618797541350
3541743790041400
3545868782541450
3549993775041500
3554868767541550
3558993760041600
3563118752541650
3567243745041700
3571368737541750
3575493730041800
3580368722541850
3584493715041900
3588618707541950
3592743700042000
3597618692542050
3601743685042100
3605868677542150
3609993670042200
3614118662542250
3618243655042300
3623118647542350
3627243640042400
3631368632542450
3635493625042500
3640368617542550
3644493610042600
3648618602542650
3652743595042700
3656868587542750
3660993580042800
3665868572542850
3669993565042900
3674118557542950
3678243550043000
3683118542543050
3687243535043100
3691368527543150
3695493520043200
3699618512543250
3703743505043300
3708618497543350
3712743490043400
3716868482543450
3720993475043500
3725868467543550
3729993460043600
3734118452543650
3738243445043700
3742368437543750
3746493430043800
3751368422543850
3755493415043900
3759618407543950
3763743400044000
3768618392544050
3772743385044100
3776868377544150
3780993370044200
3785118362544250
3789243355044300
3794118347544350
3798243340044400
3802368332544450
3806493325044500
3811368317544550
3815493310044600
3819618302544650
3823743295044700
3827868287544750
3831993280044800
3836868272544850
3840993265044900
3845118257544950
3849243250045000
3854118242545050
3858243235045100
3862368227545150
3866493220045200
3870618212545250
3874743205045300
3879618197545350
3883743190045400
3887868182545450
3891993175045500
3896868167545550
3900993160045600
3905118152545650
3909243145045700
3913368137545750
3917493130045800
3922368122545850
3926493115045900
3930618107545950
3934743100046000
3939618092546050
3943743085046100
3947868077546150
3951993070046200
3956118062546250
3960243055046300
3965118047546350
3969243040046400
3973368032546450
3977493025046500
3982368017546550
3986493010046600
3990618002546650
3994742995046700
3998867987546750
4002992980046800
4007867972546850
4011992965046900
4016117957546950
4020242950047000
4025117942547050
4029242935047100
4033367927547150
4037492920047200
4041617912547250
4045742905047300
4050617897547350
4054742890047400
4058867882547450
4062992875047500
4067867867547550
4071992860047600
4076117852547650
4080242845047700
4084367837547750
4088492830047800
4093367822547850
4097492815047900
4101617807547950
4105742800048000
4110617792548050
4114742785048100
4118867777548150
4122992770048200
4127117762548250
4131242755048300
4136117747548350
4140242740048400
4144367732548450
4148492725048500
4153367717548550
4157492710048600
4161617702548650
4165742695048700
4169867687548750
4173992680048800
4178867672548850
4182992665048900
4187117657548950
4191242650049000
4196117642549050
4200242635049100
4204367627549150
4208492620049200
4212617612549250
4216742605049300
4221617597549350
4225742590049400
4229867582549450
4233992575049500
4238867567549550
4242992560049600
4247117552549650
4251242545049700
4255367537549750
4259492530049800
4264367522549850
4268492515049900
4272617507549950
4276742500050000
4281617492550050
4285742485050100
4289867477550150
4293992470050200
4298117462550250
4302242455050300
4307117447550350
4311242440050400
4315367432550450
4319492425050500
4324367417550550
4328492410050600
4332617402550650
4336742395050700
4340867387550750
4344992380050800
4349867372550850
4353992365050900
4358117357550950
4362242350051000
4367117342551050
4371242335051100
4375367327551150
4379492320051200
4383617312551250
4387742305051300
4392617297551350
4396742290051400
4400867282551450
4404992275051500
4409867267551550
4413992260051600
4418117252551650
4422242245051700
4426367237551750
4430492230051800
4435367222551850
4439492215051900
4443617207551950
4447742200052000
4452617192552050
4456742185052100
4460867177552150
4464992170052200
4469117162552250
4473242155052300
4478117147552350
4482242140052400
4486367132552450
4490492125052500
4495367117552550
4499492110052600
4503617102552650
4507742095052700
4511867087552750
4515992080052800
4520867072552850
4524992065052900
4529117057552950
4533242050053000
4538117042553050
4542242035053100
4546367027553150
4550492020053200
4554617012553250
4558742005053300
4563616997553350
4567741990053400
4571866982553450
4575991975053500
4580866967553550
4584991960053600
4589116952553650
4593241945053700
4597366937553750
4601491930053800
4606366922553850
4610491915053900
4614616907553950
4618741900054000
4623616892554050
4627741885054100
4631866877554150
4635991870054200
4640116862554250
4644241855054300
4649116847554350
4653241840054400
4657366832554450
4661491825054500
4666366817554550
4670491810054600
4674616802554650
4678741795054700
4682866787554750
4686991780054800
4691866772554850
4695991765054900
4700116757554950
4704241750055000
4709116742555050
4713241735055100
4717366727555150
4721491720055200
4725616712555250
4729741705055300
4734616697555350
4738741690055400
4742866682555450
4746991675055500
4751866667555550
4755991660055600
4760116652555650
4764241645055700
4768366637555750
4772491630055800
4777366622555850
4781491615055900
4785616607555950
4789741600056000
4794616592556050
4798741585056100
4802866577556150
4806991570056200
4811116562556250
4815241555056300
4820116547556350
4824241540056400
4828366532556450
4832491525056500
4837366517556550
4841491510056600
4845616502556650
4849741495056700
4853866487556750
4857991480056800
4862866472556850
4866991465056900
4871116457556950
4875241450057000
4880116442557050
4884241435057100
4888366427557150
4892491420057200
4896616412557250
4900741405057300
4905616397557350
4909741390057400
4913866382557450
4917991375057500
4922866367557550
4926991360057600
4931116352557650
4935241345057700
4939366337557750
4943491330057800
4948366322557850
4952491315057900
4956616307557950
4960741300058000
4965616292558050
4969741285058100
4973866277558150
4977991270058200
4982116262558250
4986241255058300
4991116247558350
4995241240058400
4999366232558450
5003491225058500
5008366217558550
5012491210058600
5016616202558650
5020741195058700
5024866187558750
5028991180058800
5033866172558850
5037991165058900
5042116157558950
5046241150059000
5051116142559050
5055241135059100
5059366127559150
5063491120059200
5067616112559250
5071741105059300
5076616097559350
5080741090059400
5084866082559450
5088991075059500
5093866067559550
5097991060059600
5102116052559650
5106241045059700
5110366037559750
5114491030059800
5119366022559850
5123491015059900
5127616007559950
5131741000060000
5136615992560050
5140740985060100
5144865977560150
5148990970060200
5153115962560250
5157240955060300
5162115947560350
5166240940060400
5170365932560450
5174490925060500
5179365917560550
5183490910060600
5187615902560650
5191740895060700
5195865887560750
5199990880060800
5204865872560850
5208990865060900
5213115857560950
5217240850061000
5222115842561050
5226240835061100
5230365827561150
5234490820061200
5238615812561250
5242740805061300
5247615797561350
5251740790061400
5255865782561450
5259990775061500
5264865767561550
5268990760061600
5273115752561650
5277240745061700
5281365737561750
5285490730061800
5290365722561850
5294490715061900
5298615707561950
5302740700062000
5307615692562050
5311740685062100
5315865677562150
5319990670062200
5324115662562250
5328240655062300
5333115647562350
5337240640062400
5341365632562450
5345490625062500
5350365617562550
5354490610062600
5358615602562650
5362740595062700
5366865587562750
5370990580062800
5375865572562850
5379990565062900
5384115557562950
5388240550063000
5393115542563050
5397240535063100
5401365527563150
5405490520063200
5409615512563250
5413740505063300
5418615497563350
5422740490063400
5426865482563450
5430990475063500
5435865467563550
5439990460063600
5444115452563650
5448240445063700
5452365437563750
5456490430063800
5461365422563850
5465490415063900
5469615407563950
5473740400064000
5478615392564050
5482740385064100
5486865377564150
5490990370064200
5495115362564250
5499240355064300
5504115347564350
5508240340064400
5512365332564450
5516490325064500
5521365317564550
5525490310064600
5529615302564650
5533740295064700
5537865287564750
5541990280064800
5546865272564850
5550990265064900
5555115257564950
5559240250065000
5564115242565050
5568240235065100
5572365227565150
5576490220065200
5580615212565250
5584740205065300
5589615197565350
5593740190065400
5597865182565450
5601990175065500
5606865167565550
5610990160065600
5615115152565650
5619240145065700
5623365137565750
5627490130065800
5632365122565850
5636490115065900
5640615107565950
5644740100066000
5649615092566050
5653740085066100
5657865077566150
5661990070066200
5666115062566250
5670240055066300
5675115047566350
5679240040066400
5683365032566450
5687490025066500
5692365017566550
5696490010066600
5700615002566650
5704739995066700
5708864987566750
5712989980066800
5717864972566850
5721989965066900
5726114957566950
5730239950067000
5735114942567050
5739239935067100
5743364927567150
5747489920067200
5751614912567250
5755739905067300
5760614897567350
5764739890067400
5768864882567450
5772989875067500
5777864867567550
5781989860067600
5786114852567650
5790239845067700
5794364837567750
5798489830067800
5803364822567850
5807489815067900
5811614807567950
5815739800068000
5820614792568050
5824739785068100
5828864777568150
5832989770068200
5837114762568250
5841239755068300
5846114747568350
5850239740068400
5854364732568450
5858489725068500
5863364717568550
5867489710068600
5871614702568650
5875739695068700
5879864687568750
5883989680068800
5888864672568850
5892989665068900
5897114657568950
5901239650069000
5906114642569050
5910239635069100
5914364627569150
5918489620069200
5922614612569250
5926739605069300
5931614597569350
5935739590069400
5939864582569450
5943989575069500
5948864567569550
5952989560069600
5957114552569650
5961239545069700
5965364537569750
5969489530069800
5974364522569850
5978489515069900
5982614507569950
5986739500070000
5991614492570050
5995739485070100
5999864477570150
6003989470070200
6008114462570250
6012239455070300
6017114447570350
6021239440070400
6025364432570450
6029489425070500
6034364417570550
6038489410070600
6042614402570650
6046739395070700
6050864387570750
6054989380070800
6059864372570850
6063989365070900
6068114357570950
6072239350071000
6077114342571050
6081239335071100
6085364327571150
6089489320071200
6093614312571250
6097739305071300
6102614297571350
6106739290071400
6110864282571450
6114989275071500
6119864267571550
6123989260071600
6128114252571650
6132239245071700
6136364237571750
6140489230071800
6145364222571850
6149489215071900
6153614207571950
6157739200072000
6162614192572050
6166739185072100
6170864177572150
6174989170072200
6179114162572250
6183239155072300
6188114147572350
6192239140072400
6196364132572450
6200489125072500
6205364117572550
6209489110072600
6213614102572650
6217739095072700
6221864087572750
6225989080072800
6230864072572850
6234989065072900
6239114057572950
6243239050073000
6248114042573050
6252239035073100
6256364027573150
6260489020073200
6264614012573250
6268739005073300
6273613997573350
6277738990073400
6281863982573450
6285988975073500
6290863967573550
6294988960073600
6299113952573650
6303238945073700
6307363937573750
6311488930073800
6316363922573850
6320488915073900
6324613907573950
6328738900074000
6333613892574050
6337738885074100
6341863877574150
6345988870074200
6350113862574250
6354238855074300
6359113847574350
6363238840074400
6367363832574450
6371488825074500
6376363817574550
6380488810074600
6384613802574650
6388738795074700
6392863787574750
6396988780074800
6401863772574850
6405988765074900
6410113757574950
6414238750075000
6419113742575050
6423238735075100
6427363727575150
6431488720075200
6435613712575250
6439738705075300
6444613697575350
6448738690075400
6452863682575450
6456988675075500
6461863667575550
6465988660075600
6470113652575650
6474238645075700
6478363637575750
6482488630075800
6487363622575850
6491488615075900
6495613607575950
6499738600076000
6504613592576050
6508738585076100
6512863577576150
6516988570076200
6521113562576250
6525238555076300
6530113547576350
6534238540076400
6538363532576450
6542488525076500
6547363517576550
6551488510076600
6555613502576650
6559738495076700
6563863487576750
6567988480076800
6572863472576850
6576988465076900
6581113457576950
6585238450077000
6590113442577050
6594238435077100
6598363427577150
6602488420077200
6606613412577250
6610738405077300
6615613397577350
6619738390077400
6623863382577450
6627988375077500
6632863367577550
6636988360077600
6641113352577650
6645238345077700
6649363337577750
6653488330077800
6658363322577850
6662488315077900
6666613307577950
6670738300078000
6675613292578050
6679738285078100
6683863277578150
6687988270078200
6692113262578250
6696238255078300
6701113247578350
6705238240078400
6709363232578450
6713488225078500
6718363217578550
6722488210078600
6726613202578650
6730738195078700
6734863187578750
6738988180078800
6743863172578850
6747988165078900
6752113157578950
6756238150079000
6761113142579050
6765238135079100
6769363127579150
6773488120079200
6777613112579250
6781738105079300
6786613097579350
6790738090079400
6794863082579450
6798988075079500
6803863067579550
6807988060079600
6812113052579650
6816238045079700
6820363037579750
6824488030079800
6829363022579850
6833488015079900
6837613007579950
6841738000080000
6846612992580050
6850737985080100
6854862977580150
6858987970080200
6863112962580250
6867237955080300
6872112947580350
6876237940080400
6880362932580450
6884487925080500
6889362917580550
6893487910080600
6897612902580650
6901737895080700
6905862887580750
6909987880080800
6914862872580850
6918987865080900
6923112857580950
6927237850081000
6932112842581050
6936237835081100
6940362827581150
6944487820081200
6948612812581250
6952737805081300
6957612797581350
6961737790081400
6965862782581450
6969987775081500
6974862767581550
6978987760081600
6983112752581650
6987237745081700
6991362737581750
6995487730081800
7000362722581850
7004487715081900
7008612707581950
7012737700082000
7017612692582050
7021737685082100
7025862677582150
7029987670082200
7034112662582250
7038237655082300
7043112647582350
7047237640082400
7051362632582450
7055487625082500
7060362617582550
7064487610082600
7068612602582650
7072737595082700
7076862587582750
7080987580082800
7085862572582850
7089987565082900
7094112557582950
7098237550083000
7103112542583050
7107237535083100
7111362527583150
7115487520083200
7119612512583250
7123737505083300
7128612497583350
7132737490083400
7136862482583450
7140987475083500
7145862467583550
7149987460083600
7154112452583650
7158237445083700
7162362437583750
7166487430083800
7171362422583850
7175487415083900
7179612407583950
7183737400084000
7188612392584050
7192737385084100
7196862377584150
7200987370084200
7205112362584250
7209237355084300
7214112347584350
7218237340084400
7222362332584450
7226487325084500
7231362317584550
7235487310084600
7239612302584650
7243737295084700
7247862287584750
7251987280084800
7256862272584850
7260987265084900
7265112257584950
7269237250085000
7274112242585050
7278237235085100
7282362227585150
7286487220085200
7290612212585250
7294737205085300
7299612197585350
7303737190085400
7307862182585450
7311987175085500
7316862167585550
7320987160085600
7325112152585650
7329237145085700
7333362137585750
7337487130085800
7342362122585850
7346487115085900
7350612107585950
7354737100086000
7359612092586050
7363737085086100
7367862077586150
7371987070086200
7376112062586250
7380237055086300
7385112047586350
7389237040086400
7393362032586450
7397487025086500
7402362017586550
7406487010086600
7410612002586650
7414736995086700
7418861987586750
7422986980086800
7427861972586850
7431986965086900
7436111957586950
7440236950087000
7445111942587050
7449236935087100
7453361927587150
7457486920087200
7461611912587250
7465736905087300
7470611897587350
7474736890087400
7478861882587450
7482986875087500
7487861867587550
7491986860087600
7496111852587650
7500236845087700
7504361837587750
7508486830087800
7513361822587850
7517486815087900
7521611807587950
7525736800088000
7530611792588050
7534736785088100
7538861777588150
7542986770088200
7547111762588250
7551236755088300
7556111747588350
7560236740088400
7564361732588450
7568486725088500
7573361717588550
7577486710088600
7581611702588650
7585736695088700
7589861687588750
7593986680088800
7598861672588850
7602986665088900
7607111657588950
7611236650089000
7616111642589050
7620236635089100
7624361627589150
7628486620089200
7632611612589250
7636736605089300
7641611597589350
7645736590089400
7649861582589450
7653986575089500
7658861567589550
7662986560089600
7667111552589650
7671236545089700
7675361537589750
7679486530089800
7684361522589850
7688486515089900
7692611507589950
7696736500090000
7701611492590050
7705736485090100
7709861477590150
7713986470090200
7718111462590250
7722236455090300
7727111447590350
7731236440090400
7735361432590450
7739486425090500
7744361417590550
7748486410090600
7752611402590650
7756736395090700
7760861387590750
7764986380090800
7769861372590850
7773986365090900
7778111357590950
7782236350091000
7787111342591050
7791236335091100
7795361327591150
7799486320091200
7803611312591250
7807736305091300
7812611297591350
7816736290091400
7820861282591450
7824986275091500
7829861267591550
7833986260091600
7838111252591650
7842236245091700
7846361237591750
7850486230091800
7855361222591850
7859486215091900
7863611207591950
7867736200092000
7872611192592050
7876736185092100
7880861177592150
7884986170092200
7889111162592250
7893236155092300
7898111147592350
7902236140092400
7906361132592450
7910486125092500
7915361117592550
7919486110092600
7923611102592650
7927736095092700
7931861087592750
7935986080092800
7940861072592850
7944986065092900
7949111057592950
7953236050093000
7958111042593050
7962236035093100
7966361027593150
7970486020093200
7974611012593250
7978736005093300
7983610997593350
7987735990093400
7991860982593450
7995985975093500
8000860967593550
8004985960093600
8009110952593650
8013235945093700
8017360937593750
8021485930093800
8026360922593850
8030485915093900
8034610907593950
8038735900094000
8043610892594050
8047735885094100
8051860877594150
8055985870094200
8060110862594250
8064235855094300
8069110847594350
8073235840094400
8077360832594450
8081485825094500
8086360817594550
8090485810094600
8094610802594650
8098735795094700
8102860787594750
8106985780094800
8111860772594850
8115985765094900
8120110757594950
8124235750095000
8129110742595050
8133235735095100
8137360727595150
8141485720095200
8145610712595250
8149735705095300
8154610697595350
8158735690095400
8162860682595450
8166985675095500
8171860667595550
8175985660095600
8180110652595650
8184235645095700
8188360637595750
8192485630095800
8197360622595850
8201485615095900
8205610607595950
8209735600096000
8214610592596050
8218735585096100
8222860577596150
8226985570096200
8231110562596250
8235235555096300
8240110547596350
8244235540096400
8248360532596450
8252485525096500
8257360517596550
8261485510096600
8265610502596650
8269735495096700
8273860487596750
8277985480096800
8282860472596850
8286985465096900
8291110457596950
8295235450097000
8300110442597050
8304235435097100
8308360427597150
8312485420097200
8316610412597250
8320735405097300
8325610397597350
8329735390097400
8333860382597450
8337985375097500
8342860367597550
8346985360097600
8351110352597650
8355235345097700
8359360337597750
8363485330097800
8368360322597850
8372485315097900
8376610307597950
8380735300098000
8385610292598050
8389735285098100
8393860277598150
8397985270098200
8402110262598250
8406235255098300
8411110247598350
8415235240098400
8419360232598450
8423485225098500
8428360217598550
8432485210098600
8436610202598650
8440735195098700
8444860187598750
8448985180098800
8453860172598850
8457985165098900
8462110157598950
8466235150099000
8471110142599050
8475235135099100
8479360127599150
8483485120099200
8487610112599250
8491735105099300
8496610097599350
8500735090099400
8504860082599450
8508985075099500
8513860067599550
8517985060099600
8522110052599650
8526235045099700
8530360037599750
8534485030099800
8539360022599850
8543485015099900
8547610007599950
8551735000100000
8556609992600050
8560734985100100
8564859977600150
8568984970100200
8573109962600250
8577234955100300
8582109947600350
8586234940100400
8590359932600450
8594484925100500
8599359917600550
8603484910100600
8607609902600650
8611734895100700
8615859887600750
8619984880100800
8624859872600850
8628984865100900
8633109857600950
8637234850101000
8642109842601050
8646234835101100
8650359827601150
8654484820101200
8658609812601250
8662734805101300
8667609797601350
8671734790101400
8675859782601450
8679984775101500
8684859767601550
8688984760101600
8693109752601650
8697234745101700
8701359737601750
8705484730101800
8710359722601850
8714484715101900
8718609707601950
8722734700102000
8727609692602050
8731734685102100
8735859677602150
8739984670102200
8744109662602250
8748234655102300
8753109647602350
8757234640102400
8761359632602450
8765484625102500
8770359617602550
8774484610102600
8778609602602650
8782734595102700
8786859587602750
8790984580102800
8795859572602850
8799984565102900
8804109557602950
8808234550103000
8813109542603050
8817234535103100
8821359527603150
8825484520103200
8829609512603250
8833734505103300
8838609497603350
8842734490103400
8846859482603450
8850984475103500
8855859467603550
8859984460103600
8864109452603650
8868234445103700
8872359437603750
8876484430103800
8881359422603850
8885484415103900
8889609407603950
8893734400104000
8898609392604050
8902734385104100
8906859377604150
8910984370104200
8915109362604250
8919234355104300
8924109347604350
8928234340104400
8932359332604450
8936484325104500
8941359317604550
8945484310104600
8949609302604650
8953734295104700
8957859287604750
8961984280104800
8966859272604850
8970984265104900
8975109257604950
8979234250105000
8984109242605050
8988234235105100
8992359227605150
8996484220105200
9000609212605250
9004734205105300
9009609197605350
9013734190105400
9017859182605450
9021984175105500
9026859167605550
9030984160105600
9035109152605650
9039234145105700
9043359137605750
9047484130105800
9052359122605850
9056484115105900
9060609107605950
9064734100106000
9069609092606050
9073734085106100
9077859077606150
9081984070106200
9086109062606250
9090234055106300
9095109047606350
9099234040106400
9103359032606450
9107484025106500
9112359017606550
9116484010106600
9120609002606650
9124733995106700
9128858987606750
9132983980106800
9137858972606850
9141983965106900
9146108957606950
9150233950107000
9155108942607050
9159233935107100
9163358927607150
9167483920107200
9171608912607250
9175733905107300
9180608897607350
9184733890107400
9188858882607450
9192983875107500
9197858867607550
9201983860107600
9206108852607650
9210233845107700
9214358837607750
9218483830107800
9223358822607850
9227483815107900
9231608807607950
9235733800108000
9240608792608050
9244733785108100
9248858777608150
9252983770108200
9257108762608250
9261233755108300
9266108747608350
9270233740108400
9274358732608450
9278483725108500
9283358717608550
9287483710108600
9291608702608650
9295733695108700
9299858687608750
9303983680108800
9308858672608850
9312983665108900
9317108657608950
9321233650109000
9326108642609050
9330233635109100
9334358627609150
9338483620109200
9342608612609250
9346733605109300
9351608597609350
9355733590109400
9359858582609450
9363983575109500
9368858567609550
9372983560109600
9377108552609650
9381233545109700
9385358537609750
9389483530109800
9394358522609850
9398483515109900
9402608507609950
9406733500110000
9411608492610050
9415733485110100
9419858477610150
9423983470110200
9428108462610250
9432233455110300
9437108447610350
9441233440110400
9445358432610450
9449483425110500
9454358417610550
9458483410110600
9462608402610650
9466733395110700
9470858387610750
9474983380110800
9479858372610850
9483983365110900
9488108357610950
9492233350111000
9497108342611050
9501233335111100
9505358327611150
9509483320111200
9513608312611250
9517733305111300
9522608297611350
9526733290111400
9530858282611450
9534983275111500
9539858267611550
9543983260111600
9548108252611650
9552233245111700
9556358237611750
9560483230111800
9565358222611850
9569483215111900
9573608207611950
9577733200112000
9582608192612050
9586733185112100
9590858177612150
9594983170112200
9599108162612250
9603233155112300
9608108147612350
9612233140112400
9616358132612450
9620483125112500
9625358117612550
9629483110112600
9633608102612650
9637733095112700
9641858087612750
9645983080112800
9650858072612850
9654983065112900
9659108057612950
9663233050113000
9668108042613050
9672233035113100
9676358027613150
9680483020113200
9684608012613250
9688733005113300
9693607997613350
9697732990113400
9701857982613450
9705982975113500
9710857967613550
9714982960113600
9719107952613650
9723232945113700
9727357937613750
9731482930113800
9736357922613850
9740482915113900
9744607907613950
9748732900114000
9753607892614050
9757732885114100
9761857877614150
9765982870114200
9770107862614250
9774232855114300
9779107847614350
9783232840114400
9787357832614450
9791482825114500
9796357817614550
9800482810114600
9804607802614650
9808732795114700
9812857787614750
9816982780114800
9821857772614850
9825982765114900
9830107757614950
9834232750115000
9839107742615050
9843232735115100
9847357727615150
9851482720115200
9855607712615250
9859732705115300
9864607697615350
9868732690115400
9872857682615450
9876982675115500
9881857667615550
9885982660115600
9890107652615650
9894232645115700
9898357637615750
9902482630115800
9907357622615850
9911482615115900
9915607607615950
9919732600116000
9924607592616050
9928732585116100
9932857577616150
9936982570116200
9941107562616250
9945232555116300
9950107547616350
9954232540116400
9958357532616450
9962482525116500
9967357517616550
9971482510116600
9975607502616650
9979732495116700
9983857487616750
9987982480116800
9992857472616850
9996982465116900
10001107457616950
10005232450117000
10010107442617050
10014232435117100
10018357427617150
10022482420117200
10026607412617250
10030732405117300
10035607397617350
10039732390117400
10043857382617450
10047982375117500
10052857367617550
10056982360117600
10061107352617650
10065232345117700
10069357337617750
10073482330117800
10078357322617850
10082482315117900
10086607307617950
10090732300118000
10095607292618050
10099732285118100
10103857277618150
10107982270118200
10112107262618250
10116232255118300
10121107247618350
10125232240118400
10129357232618450
10133482225118500
10138357217618550
10142482210118600
10146607202618650
10150732195118700
10154857187618750
10158982180118800
10163857172618850
10167982165118900
10172107157618950
10176232150119000
10181107142619050
10185232135119100
10189357127619150
10193482120119200
10197607112619250
10201732105119300
10206607097619350
10210732090119400
10214857082619450
10218982075119500
10223857067619550
10227982060119600
10232107052619650
10236232045119700
10240357037619750
10244482030119800
10249357022619850
10253482015119900
10257607007619950
10261732000120000
10266606992620050
10270731985120100
10274856977620150
10278981970120200
10283106962620250
10287231955120300
10292106947620350
10296231940120400
10300356932620450
10304481925120500
10309356917620550
10313481910120600
10317606902620650
10321731895120700
10325856887620750
10329981880120800
10334856872620850
10338981865120900
10343106857620950
10347231850121000
10352106842621050
10356231835121100
10360356827621150
10364481820121200
10368606812621250
10372731805121300
10377606797621350
10381731790121400
10385856782621450
10389981775121500
10394856767621550
10398981760121600
10403106752621650
10407231745121700
10411356737621750
10415481730121800
10420356722621850
10424481715121900
10428606707621950
10432731700122000
10437606692622050
10441731685122100
10445856677622150
10449981670122200
10454106662622250
10458231655122300
10463106647622350
10467231640122400
10471356632622450
10475481625122500
10480356617622550
10484481610122600
10488606602622650
10492731595122700
10496856587622750
10500981580122800
10505856572622850
10509981565122900
10514106557622950
10518231550123000
10523106542623050
10527231535123100
10531356527623150
10535481520123200
10539606512623250
10543731505123300
10548606497623350
10552731490123400
10556856482623450
10560981475123500
10565856467623550
10569981460123600
10574106452623650
10578231445123700
10582356437623750
10586481430123800
10591356422623850
10595481415123900
10599606407623950
10603731400124000
10608606392624050
10612731385124100
10616856377624150
10620981370124200
10625106362624250
10629231355124300
10634106347624350
10638231340124400
10642356332624450
10646481325124500
10651356317624550
10655481310124600
10659606302624650
10663731295124700
10667856287624750
10671981280124800
10676856272624850
10680981265124900
10685106257624950
10689231250125000
10694106242625050
10698231235125100
10702356227625150
10706481220125200
10710606212625250
10714731205125300
10719606197625350
10723731190125400
10727856182625450
10731981175125500
10736856167625550
10740981160125600
10745106152625650
10749231145125700
10753356137625750
10757481130125800
10762356122625850
10766481115125900
10770606107625950
10774731100126000
10779606092626050
10783731085126100
10787856077626150
10791981070126200
10796106062626250
10800231055126300
10805106047626350
10809231040126400
10813356032626450
10817481025126500
10822356017626550
10826481010126600
10830606002626650
10834730995126700
10838855987626750
10842980980126800
10847855972626850
10851980965126900
10856105957626950
10860230950127000
10865105942627050
10869230935127100
10873355927627150
10877480920127200
10881605912627250
10885730905127300
10890605897627350
10894730890127400
10898855882627450
10902980875127500
10907855867627550
10911980860127600
10916105852627650
10920230845127700
10924355837627750
10928480830127800
10933355822627850
10937480815127900
10941605807627950
10945730800128000
10950605792628050
10954730785128100
10958855777628150
10962980770128200
10967105762628250
10971230755128300
10976105747628350
10980230740128400
10984355732628450
10988480725128500
10993355717628550
10997480710128600
11001605702628650
11005730695128700
11009855687628750
11013980680128800
11018855672628850
11022980665128900
11027105657628950
11031230650129000
11036105642629050
11040230635129100
11044355627629150
11048480620129200
11052605612629250
11056730605129300
11061605597629350
11065730590129400
11069855582629450
11073980575129500
11078855567629550
11082980560129600
11087105552629650
11091230545129700
11095355537629750
11099480530129800
11104355522629850
11108480515129900
11112605507629950
11116730500130000
11121605492630050
11125730485130100
11129855477630150
11133980470130200
11138105462630250
11142230455130300
11147105447630350
11151230440130400
11155355432630450
11159480425130500
11164355417630550
11168480410130600
11172605402630650
11176730395130700
11180855387630750
11184980380130800
11189855372630850
11193980365130900
11198105357630950
11202230350131000
11207105342631050
11211230335131100
11215355327631150
11219480320131200
11223605312631250
11227730305131300
11232605297631350
11236730290131400
11240855282631450
11244980275131500
11249855267631550
11253980260131600
11258105252631650
11262230245131700
11266355237631750
11270480230131800
11275355222631850
11279480215131900
11283605207631950
11287730200132000
11292605192632050
11296730185132100
11300855177632150
11304980170132200
11309105162632250
11313230155132300
11318105147632350
11322230140132400
11326355132632450
11330480125132500
11335355117632550
11339480110132600
11343605102632650
11347730095132700
11351855087632750
11355980080132800
11360855072632850
11364980065132900
11369105057632950
11373230050133000
11378105042633050
11382230035133100
11386355027633150
11390480020133200
11394605012633250
11398730005133300
11403604997633350
11407729990133400
11411854982633450
11415979975133500
11420854967633550
11424979960133600
11429104952633650
11433229945133700
11437354937633750
11441479930133800
11446354922633850
11450479915133900
11454604907633950
11458729900134000
11463604892634050
11467729885134100
11471854877634150
11475979870134200
11480104862634250
11484229855134300
11489104847634350
11493229840134400
11497354832634450
11501479825134500
11506354817634550
11510479810134600
11514604802634650
11518729795134700
11522854787634750
11526979780134800
11531854772634850
11535979765134900
11540104757634950
11544229750135000
11549104742635050
11553229735135100
11557354727635150
11561479720135200
11565604712635250
11569729705135300
11574604697635350
11578729690135400
11582854682635450
11586979675135500
11591854667635550
11595979660135600
11600104652635650
11604229645135700
11608354637635750
11612479630135800
11617354622635850
11621479615135900
11625604607635950
11629729600136000
11634604592636050
11638729585136100
11642854577636150
11646979570136200
11651104562636250
11655229555136300
11660104547636350
11664229540136400
11668354532636450
11672479525136500
11677354517636550
11681479510136600
11685604502636650
11689729495136700
11693854487636750
11697979480136800
11702854472636850
11706979465136900
11711104457636950
11715229450137000
11720104442637050
11724229435137100
11728354427637150
11732479420137200
11736604412637250
11740729405137300
11745604397637350
11749729390137400
11753854382637450
11757979375137500
11762854367637550
11766979360137600
11771104352637650
11775229345137700
11779354337637750
11783479330137800
11788354322637850
11792479315137900
11796604307637950
11800729300138000
11805604292638050
11809729285138100
11813854277638150
11817979270138200
11822104262638250
11826229255138300
11831104247638350
11835229240138400
11839354232638450
11843479225138500
11848354217638550
11852479210138600
11856604202638650
11860729195138700
11864854187638750
11868979180138800
11873854172638850
11877979165138900
11882104157638950
11886229150139000
11891104142639050
11895229135139100
11899354127639150
11903479120139200
11907604112639250
11911729105139300
11916604097639350
11920729090139400
11924854082639450
11928979075139500
11933854067639550
11937979060139600
11942104052639650
11946229045139700
11950354037639750
11954479030139800
11959354022639850
11963479015139900
11967604007639950
11971729000140000
11976603992640050
11980728985140100
11984853977640150
11988978970140200
11993103962640250
11997228955140300
12002103947640350
12006228940140400
12010353932640450
12014478925140500
12019353917640550
12023478910140600
12027603902640650
12031728895140700
12035853887640750
12039978880140800
12044853872640850
12048978865140900
12053103857640950
12057228850141000
12062103842641050
12066228835141100
12070353827641150
12074478820141200
12078603812641250
12082728805141300
12087603797641350
12091728790141400
12095853782641450
12099978775141500
12104853767641550
12108978760141600
12113103752641650
12117228745141700
12121353737641750
12125478730141800
12130353722641850
12134478715141900
12138603707641950
12142728700142000
12147603692642050
12151728685142100
12155853677642150
12159978670142200
12164103662642250
12168228655142300
12173103647642350
12177228640142400
12181353632642450
12185478625142500
12190353617642550
12194478610142600
12198603602642650
12202728595142700
12206853587642750
12210978580142800
12215853572642850
12219978565142900
12224103557642950
12228228550143000
12233103542643050
12237228535143100
12241353527643150
12245478520143200
12249603512643250
12253728505143300
12258603497643350
12262728490143400
12266853482643450
12270978475143500
12275853467643550
12279978460143600
12284103452643650
12288228445143700
12292353437643750
12296478430143800
12301353422643850
12305478415143900
12309603407643950
12313728400144000
12318603392644050
12322728385144100
12326853377644150
12330978370144200
12335103362644250
12339228355144300
12344103347644350
12348228340144400
12352353332644450
12356478325144500
12361353317644550
12365478310144600
12369603302644650
12373728295144700
12377853287644750
12381978280144800
12386853272644850
12390978265144900
12395103257644950
12399228250145000
12404103242645050
12408228235145100
12412353227645150
12416478220145200
12420603212645250
12424728205145300
12429603197645350
12433728190145400
12437853182645450
12441978175145500
12446853167645550
12450978160145600
12455103152645650
12459228145145700
12463353137645750
12467478130145800
12472353122645850
12476478115145900
12480603107645950
12484728100146000
12489603092646050
12493728085146100
12497853077646150
12501978070146200
12506103062646250
12510228055146300
12515103047646350
12519228040146400
12523353032646450
12527478025146500
12532353017646550
12536478010146600
12540603002646650
12544727995146700
12548852987646750
12552977980146800
12557852972646850
12561977965146900
12566102957646950
12570227950147000
12575102942647050
12579227935147100
12583352927647150
12587477920147200
12591602912647250
12595727905147300
12600602897647350
12604727890147400
12608852882647450
12612977875147500
12617852867647550
12621977860147600
12626102852647650
12630227845147700
12634352837647750
12638477830147800
12643352822647850
12647477815147900
12651602807647950
12655727800148000
12660602792648050
12664727785148100
12668852777648150
12672977770148200
12677102762648250
12681227755148300
12686102747648350
12690227740148400
12694352732648450
12698477725148500
12703352717648550
12707477710148600
12711602702648650
12715727695148700
12719852687648750
12723977680148800
12728852672648850
12732977665148900
12737102657648950
12741227650149000
12746102642649050
12750227635149100
12754352627649150
12758477620149200
12762602612649250
12766727605149300
12771602597649350
12775727590149400
12779852582649450
12783977575149500
12788852567649550
12792977560149600
12797102552649650
12801227545149700
12805352537649750
12809477530149800
12814352522649850
12818477515149900
12822602507649950
12826727500150000
12831602492650050
12835727485150100
12839852477650150
12843977470150200
12848102462650250
12852227455150300
12857102447650350
12861227440150400
12865352432650450
12869477425150500
12874352417650550
12878477410150600
12882602402650650
12886727395150700
12890852387650750
12894977380150800
12899852372650850
12903977365150900
12908102357650950
12912227350151000
12917102342651050
12921227335151100
12925352327651150
12929477320151200
12933602312651250
12937727305151300
12942602297651350
12946727290151400
12950852282651450
12954977275151500
12959852267651550
12963977260151600
12968102252651650
12972227245151700
12976352237651750
12980477230151800
12985352222651850
12989477215151900
12993602207651950
12997727200152000
13002602192652050
13006727185152100
13010852177652150
13014977170152200
13019102162652250
13023227155152300
13028102147652350
13032227140152400
13036352132652450
13040477125152500
13045352117652550
13049477110152600
13053602102652650
13057727095152700
13061852087652750
13065977080152800
13070852072652850
13074977065152900
13079102057652950
13083227050153000
13088102042653050
13092227035153100
13096352027653150
13100477020153200
13104602012653250
13108727005153300
13113601997653350
13117726990153400
13121851982653450
13125976975153500
13130851967653550
13134976960153600
13139101952653650
13143226945153700
13147351937653750
13151476930153800
13156351922653850
13160476915153900
13164601907653950
13168726900154000
13173601892654050
13177726885154100
13181851877654150
13185976870154200
13190101862654250
13194226855154300
13199101847654350
13203226840154400
13207351832654450
13211476825154500
13216351817654550
13220476810154600
13224601802654650
13228726795154700
13232851787654750
13236976780154800
13241851772654850
13245976765154900
13250101757654950
13254226750155000
13259101742655050
13263226735155100
13267351727655150
13271476720155200
13275601712655250
13279726705155300
13284601697655350
13288726690155400
13292851682655450
13296976675155500
13301851667655550
13305976660155600
13310101652655650
13314226645155700
13318351637655750
13322476630155800
13327351622655850
13331476615155900
13335601607655950
13339726600156000
13344601592656050
13348726585156100
13352851577656150
13356976570156200
13361101562656250
13365226555156300
13370101547656350
13374226540156400
13378351532656450
13382476525156500
13387351517656550
13391476510156600
13395601502656650
13399726495156700
13403851487656750
13407976480156800
13412851472656850
13416976465156900
13421101457656950
13425226450157000
13430101442657050
13434226435157100
13438351427657150
13442476420157200
13446601412657250
13450726405157300
13455601397657350
13459726390157400
13463851382657450
13467976375157500
13472851367657550
13476976360157600
13481101352657650
13485226345157700
13489351337657750
13493476330157800
13498351322657850
13502476315157900
13506601307657950
13510726300158000
13515601292658050
13519726285158100
13523851277658150
13527976270158200
13532101262658250
13536226255158300
13541101247658350
13545226240158400
13549351232658450
13553476225158500
13558351217658550
13562476210158600
13566601202658650
13570726195158700
13574851187658750
13578976180158800
13583851172658850
13587976165158900
13592101157658950
13596226150159000
13601101142659050
13605226135159100
13609351127659150
13613476120159200
13617601112659250
13621726105159300
13626601097659350
13630726090159400
13634851082659450
13638976075159500
13643851067659550
13647976060159600
13652101052659650
13656226045159700
13660351037659750
13664476030159800
13669351022659850
13673476015159900
13677601007659950
13681726000160000
13686600992660050
13690725985160100
13694850977660150
13698975970160200
13703100962660250
13707225955160300
13712100947660350
13716225940160400
13720350932660450
13724475925160500
13729350917660550
13733475910160600
13737600902660650
13741725895160700
13745850887660750
13749975880160800
13754850872660850
13758975865160900
13763100857660950
13767225850161000
13772100842661050
13776225835161100
13780350827661150
13784475820161200
13788600812661250
13790475805161300
13790100797661350
13789725790161400
13789350782661450
13788975775161500
13788600767661550
13788225760161600
13787850752661650
13787475745161700
13787100737661750
13786725730161800
13786350722661850
13785975715161900
13785600707661950
13785225700162000
13784850692662050
13784475685162100
13784100677662150
13783725670162200
13783350662662250
13782975655162300
13782600647662350
13782225640162400
13781850632662450
13781475625162500
13781100617662550
13780725610162600
13780350602662650
13779975595162700
13779600587662750
13779225580162800
13778850572662850
13778475565162900
13778100557662950
13777725550163000
13777350542663050
13776975535163100
13776600527663150
13776225520163200
13775850512663250
13775475505163300
13775100497663350
13774725490163400
13774350482663450
13773975475163500
13773600467663550
13773225460163600
13772850452663650
13772475445163700
13772100437663750
13771725430163800
13771350422663850
13770975415163900
13770600407663950
13770225400164000
13769850392664050
13769475385164100
13769100377664150
13768725370164200
13768350362664250
13767975355164300
13767600347664350
13767225340164400
13766850332664450
13766475325164500
13766100317664550
13765725310164600
13765350302664650
13764975295164700
13764600287664750
13764225280164800
13763850272664850
13763475265164900
13763100257664950
13762725250165000
13762350242665050
13761975235165100
13761600227665150
13761225220165200
13760850212665250
13760475205165300
13760100197665350
13759725190165400
13759350182665450
13758975175165500
13758600167665550
13758225160165600
13757850152665650
13757475145165700
13757100137665750
13756725130165800
13756350122665850
13755975115165900
13755600107665950
13755225100166000
13754850092666050
13754475085166100
13754100077666150
13753725070166200
13753350062666250
13752975055166300
13752600047666350
13752225040166400
13751850032666450
13751475025166500
13751100017666550
13750725010166600
13750350002666650
13749974995166700
13749599987666750
13749224980166800
13748849972666850
13748474965166900
13748099957666950
13747724950167000
13747349942667050
13746974935167100
13746599927667150
13746224920167200
13745849912667250
13745474905167300
13745099897667350
13744724890167400
13744349882667450
13743974875167500
13743599867667550
13743224860167600
13742849852667650
13742474845167700
13742099837667750
13741724830167800
13741349822667850
13740974815167900
13740599807667950
13740224800168000
13739849792668050
13739474785168100
13739099777668150
13738724770168200
13738349762668250
13737974755168300
13737599747668350
13737224740168400
13736849732668450
13736474725168500
13736099717668550
13735724710168600
13735349702668650
13734974695168700
13734599687668750
13734224680168800
13733849672668850
13733474665168900
13733099657668950
13732724650169000
13732349642669050
13731974635169100
13731599627669150
13731224620169200
13730849612669250
13730474605169300
13730099597669350
13729724590169400
13729349582669450
13728974575169500
13728599567669550
13728224560169600
13727849552669650
13727474545169700
13727099537669750
13726724530169800
13726349522669850
13725974515169900
13725599507669950
13725224500170000
13724849492670050
13724474485170100
13724099477670150
13723724470170200
13723349462670250
13722974455170300
13722599447670350
13722224440170400
13721849432670450
13721474425170500
13721099417670550
13720724410170600
13720349402670650
13719974395170700
13719599387670750
13719224380170800
13718849372670850
13718474365170900
13718099357670950
13717724350171000
13717349342671050
13716974335171100
13716599327671150
13716224320171200
13715849312671250
13715474305171300
13715099297671350
13714724290171400
13714349282671450
13713974275171500
13713599267671550
13713224260171600
13712849252671650
13712474245171700
13712099237671750
13711724230171800
13711349222671850
13710974215171900
13710599207671950
13710224200172000
13709849192672050
13709474185172100
13709099177672150
13708724170172200
13708349162672250
13707974155172300
13707599147672350
13707224140172400
13706849132672450
13706474125172500
13706099117672550
13705724110172600
13705349102672650
13704974095172700
13704599087672750
13704224080172800
13703849072672850
13703474065172900
13703099057672950
13702724050173000
13702349042673050
13701974035173100
13701599027673150
13701224020173200
13700849012673250
13700474005173300
13700098997673350
13699723990173400
13699348982673450
13698973975173500
13698598967673550
13698223960173600
13697848952673650
13697473945173700
13697098937673750
13696723930173800
13696348922673850
13695973915173900
13695598907673950
13695223900174000
13694848892674050
13694473885174100
13694098877674150
13693723870174200
13693348862674250
13692973855174300
13692598847674350
13692223840174400
13691848832674450
13691473825174500
13691098817674550
13690723810174600
13690348802674650
13689973795174700
13689598787674750
13689223780174800
13688848772674850
13688473765174900
13688098757674950
13687723750175000
13687348742675050
13686973735175100
13686598727675150
13686223720175200
13685848712675250
13685473705175300
13685098697675350
13684723690175400
13684348682675450
13683973675175500
13683598667675550
13683223660175600
13682848652675650
13682473645175700
13682098637675750
13681723630175800
13681348622675850
13680973615175900
13680598607675950
13680223600176000
13679848592676050
13679473585176100
13679098577676150
13678723570176200
13678348562676250
13677973555176300
13677598547676350
13677223540176400
13676848532676450
13676473525176500
13676098517676550
13675723510176600
13675348502676650
13674973495176700
13674598487676750
13674223480176800
13673848472676850
13673473465176900
13673098457676950
13672723450177000
13672348442677050
13671973435177100
13671598427677150
13671223420177200
13670848412677250
13670473405177300
13670098397677350
13669723390177400
13669348382677450
13668973375177500
13668598367677550
13668223360177600
13667848352677650
13667473345177700
13667098337677750
13666723330177800
13666348322677850
13665973315177900
13665598307677950
13665223300178000
13664848292678050
13664473285178100
13664098277678150
13663723270178200
13663348262678250
13662973255178300
13662598247678350
13662223240178400
13661848232678450
13661473225178500
13661098217678550
13660723210178600
13660348202678650
13659973195178700
13659598187678750
13659223180178800
13658848172678850
13658473165178900
13658098157678950
13657723150179000
13657348142679050
13656973135179100
13656598127679150
13656223120179200
13655848112679250
13655473105179300
13655098097679350
13654723090179400
13654348082679450
13653973075179500
13653598067679550
13653223060179600
13652848052679650
13652473045179700
13652098037679750
13651723030179800
13651348022679850
13650973015179900
13650598007679950
13650223000180000
13649847992680050
13649472985180100
13649097977680150
13648722970180200
13648347962680250
13647972955180300
13647597947680350
13647222940180400
13646847932680450
13646472925180500
13646097917680550
13645722910180600
13645347902680650
13644972895180700
13644597887680750
13644222880180800
13643847872680850
13643472865180900
13643097857680950
13642722850181000
13642347842681050
13641972835181100
13641597827681150
13641222820181200
13640847812681250
13640472805181300
13640097797681350
13639722790181400
13639347782681450
13638972775181500
13638597767681550
13638222760181600
13637847752681650
13637472745181700
13637097737681750
13636722730181800
13636347722681850
13635972715181900
13635597707681950
13635222700182000
13634847692682050
13634472685182100
13634097677682150
13633722670182200
13633347662682250
13632972655182300
13632597647682350
13632222640182400
13631847632682450
13631472625182500
13631097617682550
13630722610182600
13630347602682650
13629972595182700
13629597587682750
13629222580182800
13628847572682850
13628472565182900
13628097557682950
13627722550183000
13627347542683050
13626972535183100
13626597527683150
13626222520183200
13625847512683250
13625472505183300
13625097497683350
13624722490183400
13624347482683450
13623972475183500
13623597467683550
13623222460183600
13622847452683650
13622472445183700
13622097437683750
13621722430183800
13621347422683850
13620972415183900
13620597407683950
13620222400184000
13619847392684050
13619472385184100
13619097377684150
13618722370184200
13618347362684250
13617972355184300
13617597347684350
13617222340184400
13616847332684450
13616472325184500
13616097317684550
13615722310184600
13615347302684650
13614972295184700
13614597287684750
13614222280184800
13613847272684850
13613472265184900
13613097257684950
13612722250185000
13612347242685050
13611972235185100
13611597227685150
13611222220185200
13610847212685250
13610472205185300
13610097197685350
13609722190185400
13609347182685450
13608972175185500
13608597167685550
13608222160185600
13607847152685650
13607472145185700
13607097137685750
13606722130185800
13606347122685850
13605972115185900
13605597107685950
13605222100186000
13604847092686050
13604472085186100
13604097077686150
13603722070186200
13603347062686250
13602972055186300
13602597047686350
13602222040186400
13601847032686450
13601472025186500
13601097017686550
13600722010186600
13600347002686650
13599971995186700
13599596987686750
13599221980186800
13598846972686850
13598471965186900
13598096957686950
13597721950187000
13597346942687050
13596971935187100
13596596927687150
13596221920187200
13595846912687250
13595471905187300
13595096897687350
13594721890187400
13594346882687450
13593971875187500
13593596867687550
13593221860187600
13592846852687650
13592471845187700
13592096837687750
13591721830187800
13591346822687850
13590971815187900
13590596807687950
13590221800188000
13589846792688050
13589471785188100
13589096777688150
13588721770188200
13588346762688250
13587971755188300
13587596747688350
13587221740188400
13586846732688450
13586471725188500
13586096717688550
13585721710188600
13585346702688650
13584971695188700
13584596687688750
13584221680188800
13583846672688850
13583471665188900
13583096657688950
13582721650189000
13582346642689050
13581971635189100
13581596627689150
13581221620189200
13580846612689250
13580471605189300
13580096597689350
13579721590189400
13579346582689450
13578971575189500
13578596567689550
13578221560189600
13577846552689650
13577471545189700
13577096537689750
13576721530189800
13576346522689850
13575971515189900
13575596507689950
13575221500190000
13574846492690050
13574471485190100
13574096477690150
13573721470190200
13573346462690250
13572971455190300
13572596447690350
13572221440190400
13571846432690450
13571471425190500
13571096417690550
13570721410190600
13570346402690650
13569971395190700
13569596387690750
13569221380190800
13568846372690850
13568471365190900
13568096357690950
13567721350191000
13567346342691050
13566971335191100
13566596327691150
13566221320191200
13565846312691250
13565471305191300
13565096297691350
13564721290191400
13564346282691450
13563971275191500
13563596267691550
13563221260191600
13562846252691650
13562471245191700
13562096237691750
13561721230191800
13561346222691850
13560971215191900
13560596207691950
13560221200192000
13559846192692050
13559471185192100
13559096177692150
13558721170192200
13558346162692250
13557971155192300
13557596147692350
13557221140192400
13556846132692450
13556471125192500
13556096117692550
13555721110192600
13555346102692650
13554971095192700
13554596087692750
13554221080192800
13553846072692850
13553471065192900
13553096057692950
13552721050193000
13552346042693050
13551971035193100
13551596027693150
13551221020193200
13550846012693250
13550471005193300
13550095997693350
13549720990193400
13549345982693450
13548970975193500
13548595967693550
13548220960193600
13547845952693650
13547470945193700
13547095937693750
13546720930193800
13546345922693850
13545970915193900
13545595907693950
13545220900194000
13544845892694050
13544470885194100
13544095877694150
13543720870194200
13543345862694250
13542970855194300
13542595847694350
13542220840194400
13541845832694450
13541470825194500
13541095817694550
13540720810194600
13540345802694650
13539970795194700
13539595787694750
13539220780194800
13538845772694850
13538470765194900
13538095757694950
13537720750195000
13537345742695050
13536970735195100
13536595727695150
13536220720195200
13535845712695250
13535470705195300
13535095697695350
13534720690195400
13534345682695450
13533970675195500
13533595667695550
13533220660195600
13532845652695650
13532470645195700
13532095637695750
13531720630195800
13531345622695850
13530970615195900
13530595607695950
13530220600196000
13529845592696050
13529470585196100
13529095577696150
13528720570196200
13528345562696250
13527970555196300
13527595547696350
13527220540196400
13526845532696450
13526470525196500
13526095517696550
13525720510196600
13525345502696650
13524970495196700
13524595487696750
13524220480196800
13523845472696850
13523470465196900
13523095457696950
13522720450197000
13522345442697050
13521970435197100
13521595427697150
13521220420197200
13520845412697250
13520470405197300
13520095397697350
13519720390197400
13519345382697450
13518970375197500
13518595367697550
13518220360197600
13517845352697650
13517470345197700
13517095337697750
13516720330197800
13516345322697850
13515970315197900
13515595307697950
13515220300198000
13514845292698050
13514470285198100
13514095277698150
13513720270198200
13513345262698250
13512970255198300
13512595247698350
13512220240198400
13511845232698450
13511470225198500
13511095217698550
13510720210198600
13510345202698650
13509970195198700
13509595187698750
13509220180198800
13508845172698850
13508470165198900
13508095157698950
13507720150199000
13507345142699050
13506970135199100
13506595127699150
13506220120199200
13505845112699250
13505470105199300
13505095097699350
13504720090199400
13504345082699450
13503970075199500
13503595067699550
13503220060199600
13502845052699650
13502470045199700
13502095037699750
13501720030199800
13501345022699850
13500970015199900
13500595007699950
13500220000200000
13499844992700050
13499469985200100
13499094977700150
13498719970200200
13498344962700250
13497969955200300
13497594947700350
13497219940200400
13496844932700450
13496469925200500
13496094917700550
13495719910200600
13495344902700650
13494969895200700
13494594887700750
13494219880200800
13493844872700850
13493469865200900
13493094857700950
13492719850201000
13492344842701050
13491969835201100
13491594827701150
13491219820201200
13490844812701250
13490469805201300
13490094797701350
13489719790201400
13489344782701450
13488969775201500
13488594767701550
13488219760201600
13487844752701650
13487469745201700
13487094737701750
13486719730201800
13486344722701850
13485969715201900
13485594707701950
13485219700202000
13484844692702050
13484469685202100
13484094677702150
13483719670202200
13483344662702250
13482969655202300
13482594647702350
13482219640202400
13481844632702450
13481469625202500
13481094617702550
13480719610202600
13480344602702650
13479969595202700
13479594587702750
13479219580202800
13478844572702850
13478469565202900
13478094557702950
13477719550203000
13477344542703050
13476969535203100
13476594527703150
13476219520203200
13475844512703250
13475469505203300
13475094497703350
13474719490203400
13474344482703450
13473969475203500
13473594467703550
13473219460203600
13472844452703650
13472469445203700
13472094437703750
13471719430203800
13471344422703850
13470969415203900
13470594407703950
13470219400204000
13469844392704050
13469469385204100
13469094377704150
13468719370204200
13468344362704250
13467969355204300
13467594347704350
13467219340204400
13466844332704450
13466469325204500
13466094317704550
13465719310204600
13465344302704650
13464969295204700
13464594287704750
13464219280204800
13463844272704850
13463469265204900
13463094257704950
13462719250205000
13462344242705050
13461969235205100
13461594227705150
13461219220205200
13460844212705250
13460469205205300
13460094197705350
13459719190205400
13459344182705450
13458969175205500
13458594167705550
13458219160205600
13457844152705650
13457469145205700
13457094137705750
13456719130205800
13456344122705850
13455969115205900
13455594107705950
13455219100206000
13454844092706050
13454469085206100
13454094077706150
13453719070206200
13453344062706250
13452969055206300
13452594047706350
13452219040206400
13451844032706450
13451469025206500
13451094017706550
13450719010206600
13450344002706650
13449968995206700
13449593987706750
13449218980206800
13448843972706850
13448468965206900
13448093957706950
13447718950207000
13447343942707050
13446968935207100
13446593927707150
13446218920207200
13445843912707250
13445468905207300
13445093897707350
13444718890207400
13444343882707450
13443968875207500
13443593867707550
13443218860207600
13442843852707650
13442468845207700
13442093837707750
13441718830207800
13441343822707850
13440968815207900
13440593807707950
13440218800208000
13439843792708050
13439468785208100
13439093777708150
13438718770208200
13438343762708250
13437968755208300
13437593747708350
13437218740208400
13436843732708450
13436468725208500
13436093717708550
13435718710208600
13435343702708650
13434968695208700
13434593687708750
13434218680208800
13433843672708850
13433468665208900
13433093657708950
13432718650209000
13432343642709050
13431968635209100
13431593627709150
13431218620209200
13430843612709250
13430468605209300
13430093597709350
13429718590209400
13429343582709450
13428968575209500
13428593567709550
13428218560209600
13427843552709650
13427468545209700
13427093537709750
13426718530209800
13426343522709850
13425968515209900
13425593507709950
13425218500210000
13424843492710050
13424468485210100
13424093477710150
13423718470210200
13423343462710250
13422968455210300
13422593447710350
13422218440210400
13421843432710450
13421468425210500
13421093417710550
13420718410210600
13420343402710650
13419968395210700
13419593387710750
13419218380210800
13418843372710850
13418468365210900
13418093357710950
13417718350211000
13417343342711050
13416968335211100
13416593327711150
13416218320211200
13415843312711250
13415468305211300
13415093297711350
13414718290211400
13414343282711450
13413968275211500
13413593267711550
13413218260211600
13412843252711650
13412468245211700
13412093237711750
13411718230211800
13411343222711850
13410968215211900
13410593207711950
13410218200212000
13409843192712050
13409468185212100
13409093177712150
13408718170212200
13408343162712250
13407968155212300
13407593147712350
13407218140212400
13406843132712450
13406468125212500
13406093117712550
13405718110212600
13405343102712650
13404968095212700
13404593087712750
13404218080212800
13403843072712850
13403468065212900
13403093057712950
13402718050213000
13402343042713050
13401968035213100
13401593027713150
13401218020213200
13400843012713250
13400468005213300
13400092997713350
13399717990213400
13399342982713450
13398967975213500
13398592967713550
13398217960213600
13397842952713650
13397467945213700
13397092937713750
13396717930213800
13396342922713850
13395967915213900
13395592907713950
13395217900214000
13394842892714050
13394467885214100
13394092877714150
13393717870214200
13393342862714250
13392967855214300
13392592847714350
13392217840214400
13391842832714450
13391467825214500
13391092817714550
13390717810214600
13390342802714650
13389967795214700
13389592787714750
13389217780214800
13388842772714850
13388467765214900
13388092757714950
13387717750215000
13387342742715050
13386967735215100
13386592727715150
13386217720215200
13385842712715250
13385467705215300
13385092697715350
13384717690215400
13384342682715450
13383967675215500
13383592667715550
13383217660215600
13382842652715650
13382467645215700
13382092637715750
13381717630215800
13381342622715850
13380967615215900
13380592607715950
13380217600216000
13379842592716050
13379467585216100
13379092577716150
13378717570216200
13378342562716250
13377967555216300
13377592547716350
13377217540216400
13376842532716450
13376467525216500
13376092517716550
13375717510216600
13375342502716650
13374967495216700
13374592487716750
13374217480216800
13373842472716850
13373467465216900
13373092457716950
13372717450217000
13372342442717050
13371967435217100
13371592427717150
13371217420217200
13370842412717250
13370467405217300
13370092397717350
13369717390217400
13369342382717450
13368967375217500
13368592367717550
13368217360217600
13367842352717650
13367467345217700
13367092337717750
13366717330217800
13366342322717850
13365967315217900
13365592307717950
13365217300218000
13364842292718050
13364467285218100
13364092277718150
13363717270218200
13363342262718250
13362967255218300
13362592247718350
13362217240218400
13361842232718450
13361467225218500
13361092217718550
13360717210218600
13360342202718650
13359967195218700
13359592187718750
13359217180218800
13358842172718850
13358467165218900
13358092157718950
13357717150219000
13357342142719050
13356967135219100
13356592127719150
13356217120219200
13355842112719250
13355467105219300
13355092097719350
13354717090219400
13354342082719450
13353967075219500
13353592067719550
13353217060219600
13352842052719650
13352467045219700
13352092037719750
13351717030219800
13351342022719850
13350967015219900
13350592007719950
13350217000220000
13349841992720050
13349466985220100
13349091977720150
13348716970220200
13348341962720250
13347966955220300
13347591947720350
13347216940220400
13346841932720450
13346466925220500
13346091917720550
13345716910220600
13345341902720650
13344966895220700
13344591887720750
13344216880220800
13343841872720850
13343466865220900
13343091857720950
13342716850221000
13342341842721050
13341966835221100
13341591827721150
13341216820221200
13340841812721250
13340466805221300
13340091797721350
13339716790221400
13339341782721450
13338966775221500
13338591767721550
13338216760221600
13337841752721650
13337466745221700
13337091737721750
13336716730221800
13336341722721850
13335966715221900
13335591707721950
13335216700222000
13334841692722050
13334466685222100
13334091677722150
13333716670222200
13333341662722250
13332966655222300
13332591647722350
13332216640222400
13331841632722450
13331466625222500
13331091617722550
13330716610222600
13330341602722650
13329966595222700
13329591587722750
13329216580222800
13328841572722850
13328466565222900
13328091557722950
13327716550223000
13327341542723050
13326966535223100
13326591527723150
13326216520223200
13325841512723250
13325466505223300
13325091497723350
13324716490223400
13324341482723450
13323966475223500
13323591467723550
13323216460223600
13322841452723650
13322466445223700
13322091437723750
13321716430223800
13321341422723850
13320966415223900
13320591407723950
13320216400224000
13319841392724050
13319466385224100
13319091377724150
13318716370224200
13318341362724250
13317966355224300
13317591347724350
13317216340224400
13316841332724450
13316466325224500
13316091317724550
13315716310224600
13315341302724650
13314966295224700
13314591287724750
13314216280224800
13313841272724850
13313466265224900
13313091257724950
13312716250225000
13312341242725050
13311966235225100
13311591227725150
13311216220225200
13310841212725250
13310466205225300
13310091197725350
13309716190225400
13309341182725450
13308966175225500
13308591167725550
13308216160225600
13307841152725650
13307466145225700
13307091137725750
13306716130225800
13306341122725850
13305966115225900
13305591107725950
13305216100226000
13304841092726050
13304466085226100
13304091077726150
13303716070226200
13303341062726250
13302966055226300
13302591047726350
13302216040226400
13301841032726450
13301466025226500
13301091017726550
13300716010226600
13300341002726650
13299965995226700
13299590987726750
13299215980226800
13298840972726850
13298465965226900
13298090957726950
13297715950227000
13297340942727050
13296965935227100
13296590927727150
13296215920227200
13295840912727250
13295465905227300
13295090897727350
13294715890227400
13294340882727450
13293965875227500
13293590867727550
13293215860227600
13292840852727650
13292465845227700
13292090837727750
13291715830227800
13291340822727850
13290965815227900
13290590807727950
13290215800228000
13289840792728050
13289465785228100
13289090777728150
13288715770228200
13288340762728250
13287965755228300
13287590747728350
13287215740228400
13286840732728450
13286465725228500
13286090717728550
13285715710228600
13285340702728650
13284965695228700
13284590687728750
13284215680228800
13283840672728850
13283465665228900
13283090657728950
13282715650229000
13282340642729050
13281965635229100
13281590627729150
13281215620229200
13280840612729250
13280465605229300
13280090597729350
13279715590229400
13279340582729450
13278965575229500
13278590567729550
13278215560229600
13277840552729650
13277465545229700
13277090537729750
13276715530229800
13276340522729850
13275965515229900
13275590507729950
13275215500230000
13274840492730050
13274465485230100
13274090477730150
13273715470230200
13273340462730250
13272965455230300
13272590447730350
13272215440230400
13271840432730450
13271465425230500
13271090417730550
13270715410230600
13270340402730650
13269965395230700
13269590387730750
13269215380230800
13268840372730850
13268465365230900
13268090357730950
13267715350231000
13267340342731050
13266965335231100
13266590327731150
13266215320231200
13265840312731250
13265465305231300
13265090297731350
13264715290231400
13264340282731450
13263965275231500
13263590267731550
13263215260231600
13262840252731650
13262465245231700
13262090237731750
13261715230231800
13261340222731850
13260965215231900
13260590207731950
13260215200232000
13259840192732050
13259465185232100
13259090177732150
13258715170232200
13258340162732250
13257965155232300
13257590147732350
13257215140232400
13256840132732450
13256465125232500
13256090117732550
13255715110232600
13255340102732650
13254965095232700
13254590087732750
13254215080232800
13253840072732850
13253465065232900
13253090057732950
13252715050233000
13252340042733050
13251965035233100
13251590027733150
13251215020233200
13250840012733250
13250465005233300
13250089997733350
13249714990233400
13249339982733450
13248964975233500
13248589967733550
13248214960233600
13247839952733650
13247464945233700
13247089937733750
13246714930233800
13246339922733850
13245964915233900
13245589907733950
13245214900234000
13244839892734050
13244464885234100
13244089877734150
13243714870234200
13243339862734250
13242964855234300
13242589847734350
13242214840234400
13241839832734450
13241464825234500
13241089817734550
13240714810234600
13240339802734650
13239964795234700
13239589787734750
13239214780234800
13238839772734850
13238464765234900
13238089757734950
13237714750235000
13237339742735050
13236964735235100
13236589727735150
13236214720235200
13235839712735250
13235464705235300
13235089697735350
13234714690235400
13234339682735450
13233964675235500
13233589667735550
13233214660235600
13232839652735650
13232464645235700
13232089637735750
13231714630235800
13231339622735850
13230964615235900
13230589607735950
13230214600236000
13229839592736050
13229464585236100
13229089577736150
13228714570236200
13228339562736250
13227964555236300
13227589547736350
13227214540236400
13226839532736450
13226464525236500
13226089517736550
13225714510236600
13225339502736650
13224964495236700
13224589487736750
13224214480236800
13223839472736850
13223464465236900
13223089457736950
13222714450237000
13222339442737050
13221964435237100
13221589427737150
13221214420237200
13220839412737250
13220464405237300
13220089397737350
13219714390237400
13219339382737450
13218964375237500
13218589367737550
13218214360237600
13217839352737650
13217464345237700
13217089337737750
13216714330237800
13216339322737850
13215964315237900
13215589307737950
13215214300238000
13214839292738050
13214464285238100
13214089277738150
13213714270238200
13213339262738250
13212964255238300
13212589247738350
13212214240238400
13211839232738450
13211464225238500
13211089217738550
13210714210238600
13210339202738650
13209964195238700
13209589187738750
13209214180238800
13208839172738850
13208464165238900
13208089157738950
13207714150239000
13207339142739050
13206964135239100
13206589127739150
13206214120239200
13205839112739250
13205464105239300
13205089097739350
13204714090239400
13204339082739450
13203964075239500
13203589067739550
13203214060239600
13202839052739650
13202464045239700
13202089037739750
13201714030239800
13201339022739850
13200964015239900
13200589007739950
13200214000240000
13199838992740050
13199463985240100
13199088977740150
13198713970240200
13198338962740250
13197963955240300
13197588947740350
13197213940240400
13196838932740450
13196463925240500
13196088917740550
13195713910240600
13195338902740650
13194963895240700
13194588887740750
13194213880240800
13193838872740850
13193463865240900
13193088857740950
13192713850241000
13192338842741050
13191963835241100
13191588827741150
13191213820241200
13190838812741250
13190463805241300
13190088797741350
13189713790241400
13189338782741450
13188963775241500
13188588767741550
13188213760241600
13187838752741650
13187463745241700
13187088737741750
13186713730241800
13186338722741850
13185963715241900
13185588707741950
13185213700242000
13184838692742050
13184463685242100
13184088677742150
13183713670242200
13183338662742250
13182963655242300
13182588647742350
13182213640242400
13181838632742450
13181463625242500
13181088617742550
13180713610242600
13180338602742650
13179963595242700
13179588587742750
13179213580242800
13178838572742850
13178463565242900
13178088557742950
13177713550243000
13177338542743050
13176963535243100
13176588527743150
13176213520243200
13175838512743250
13175463505243300
13175088497743350
13174713490243400
13174338482743450
13173963475243500
13173588467743550
13173213460243600
13172838452743650
13172463445243700
13172088437743750
13171713430243800
13171338422743850
13170963415243900
13170588407743950
13170213400244000
13169838392744050
13169463385244100
13169088377744150
13168713370244200
13168338362744250
13167963355244300
13167588347744350
13167213340244400
13166838332744450
13166463325244500
13166088317744550
13165713310244600
13165338302744650
13164963295244700
13164588287744750
13164213280244800
13163838272744850
13163463265244900
13163088257744950
13162713250245000
13162338242745050
13161963235245100
13161588227745150
13161213220245200
13160838212745250
13160463205245300
13160088197745350
13159713190245400
13159338182745450
13158963175245500
13158588167745550
13158213160245600
13157838152745650
13157463145245700
13157088137745750
13156713130245800
13156338122745850
13155963115245900
13155588107745950
13155213100246000
13154838092746050
13154463085246100
13154088077746150
13153713070246200
13153338062746250
13152963055246300
13152588047746350
13152213040246400
13151838032746450
13151463025246500
13151088017746550
13150713010246600
13150338002746650
13149962995246700
13149587987746750
13149212980246800
13148837972746850
13148462965246900
13148087957746950
13147712950247000
13147337942747050
13146962935247100
13146587927747150
13146212920247200
13145837912747250
13145462905247300
13145087897747350
13144712890247400
13144337882747450
13143962875247500
13143587867747550
13143212860247600
13142837852747650
13142462845247700
13142087837747750
13141712830247800
13141337822747850
13140962815247900
13140587807747950
13140212800248000
13139837792748050
13139462785248100
13139087777748150
13138712770248200
13138337762748250
13137962755248300
13137587747748350
13137212740248400
13136837732748450
13136462725248500
13136087717748550
13135712710248600
13135337702748650
13134962695248700
13134587687748750
13134212680248800
13133837672748850
13133462665248900
13133087657748950
13132712650249000
13132337642749050
13131962635249100
13131587627749150
13131212620249200
13130837612749250
13130462605249300
13130087597749350
13129712590249400
13129337582749450
13128962575249500
13128587567749550
13128212560249600
13127837552749650
13127462545249700
13127087537749750
13126712530249800
13126337522749850
13125962515249900
13125587507749950
